0.2818210295499638 -1.0 0.13354912811945321 -0.16967735198914055 -0.2964393860290276 0.4234102537329019 -0.4447112874595382 -0.1548501618460895 0.19285788869165746 0.201002401587136 1 0 0 0 0
0.30887456618740683 -1.0 0.16608824987605333 -0.2503718393653941 -0.15518096182449206 0.4100148735746159 -0.5478433316807142 -0.0361923648983638 0.16608824987605333 -4.957858205254203E-4 1 0 0 0 0
0.3447137123405994 -1.0 0.14855459025555132 -0.29080932784636465 -0.18340700096529927 0.2825788751714682 -0.34938779657572455 -0.13991769547325075 0.1938220799674855 0.04115226337448592 1 0 0 0 0
0.36865021770682166 -1.0 0.13813122466343045 -0.30844302086982633 -0.2570441919823831 0.33371703117962065 -0.4381662579450476 0.004404183974776042 0.2863220059056105 0.07026675341574497 1 0 0 0 0
0.4196252227949316 -1.0 0.22799749506238187 -0.29245146683366263 -0.1257767715207868 0.2971723108049518 -0.5090322269858862 0.03184161086757531 0.06585095621176289 0.046582205308540674 1 0 0 0 0
0.32544737640279003 -1.0 0.1857749469214434 -0.286118693762006 -0.1711657061975536 0.30360934182590205 -0.4039530886664647 -0.05333131129309493 0.17025578809018266 0.08634111818825171 1 0 0 0 0
0.31578331121692355 -1.0 0.15748185153383873 -0.3140270080399657 -0.1723128561392547 0.27960346577160244 -0.4625321988915769 -0.08976660682226219 0.10471469830614377 0.08172664116774639 1 0 0 0 0
0.37289945039737477 -1.0 0.18469020600213532 -0.39504171444387326 -0.11106717804752665 0.16958601874184506 -0.40682456209718865 -0.018623225653394363 0.14435965363172687 0.23680360602585915 1 0 0 0 0
0.25923720930232613 -1.0 0.13086511627907035 -0.37097674418604654 -0.1002046511627901 0.21953488372093014 -0.3697860465116273 0.06548837209302318 0.18221395348837266 0.23237209302325573 1 0 0 0 0
0.39456740442655974 -1.0 0.22525150905432637 -0.36891348088531195 -0.09798792756539187 0.13903420523138815 -0.4827967806841041 0.015895372233400235 0.08672032193158997 0.15442655935613664 1 0 0 0 0
0.3162768420212348 -1.0 0.14911790532449973 -0.33136425321305985 -0.1155504111119974 0.26762193661690736 -0.3941486389398891 -0.03883611399377354 0.0933982597589214 0.08653308852877774 1 0 0 0 0
0.4967474261127894 -1.0 0.24760538851610853 -0.3927162833580905 -0.06382215847974249 0.15228192388464878 -0.4686779695743488 0.08999641448547858 0.07632023766839047 0.12113916918506369 1 0 0 0 0
0.30620007607455313 -1.0 0.14432429495191007 -0.3165244797043959 -0.12546867358582842 0.31299244688366057 -0.46720643373363047 -0.06471770906917332 0.14432429495191007 0.007227082540890279 1 0 0 0 0
0.5142767492940062 -1.0 0.2654534044556001 -0.2535299654847818 -0.17477251333542598 0.35895826796360236 -0.5001568873548801 -0.10040790712268577 0.1314716033887661 -0.004706620646375743 1 0 0 0 0
0.41477215317773075 -1.0 0.2122865514802467 -0.3081741942002628 -0.1251894513488934 0.2655350106092753 -0.34454885318783446 -0.1394361927856928 0.16166515105587567 0.18116600990199028 1 0 0 0 0
0.5038866243245813 -1.0 0.278936392075079 -0.35728505071570754 -0.05848895629917458 0.2211584036401557 -0.4762536733339647 0.012276045122760657 0.0539861598255766 0.17295478244383378 1 0 0 0 0
0.3036862327386153 -1.0 0.17092098756039031 -0.37600334766234267 -0.08133297827823711 0.20816373112184713 -0.33358694411686457 0.0090158633545097 0.15764446304256782 0.10195153497926718 1 0 0 0 0
0.2747440937220253 -1.0 0.1670104697777603 -0.35359825633441005 -0.07539018409683594 0.22546997236601424 -0.42552446191569715 0.01000272447748426 0.04581014284046218 0.1446697544078155 1 0 0 0 0
0.32303594147582687 -1.0 0.16642811704834592 -0.3374284351145037 -0.07450699745547089 0.26490935114503833 -0.4720499363867687 0.011927480916030676 0.08210082697201004 0.08420801526717572 1 0 0 0 0
-0.39728623616337577 1.0 -0.39728623616337577 0.043068640646029464 -0.21559040843793834 -0.8290713324360702 0.256818743648199 -0.23553162853297463 0.3052709643749823 0.07940780619111695 0 1 0 0 0
-0.3375973900538731 1.0 -0.3375973900538731 0.11837050074048643 -0.1696679616234896 -0.6897898735807344 0.2606511987293682 -0.22798394539717962 0.28164237728316616 0.13936167929428436 0 1 0 0 0
-0.22365073774020644 1.0 -0.2850573363077772 0.11983875386481928 -0.2543540370239918 -0.7500880591757664 0.26760205080035954 -0.1974286720676296 0.33924308246252544 0.0891354545810339 0 1 0 0 0
-0.42665207469845806 1.0 -0.42665207469845806 -0.033157919247427226 -0.08226610161598231 -0.840683649233922 0.40462441205234545 -0.1519117030689706 0.2621198714664934 0.19247427001350514 0 1 0 0 0
-0.250813395011177 1.0 -0.32704012748721784 0.04172107744405817 -0.1963657289568621 -0.8185520462141169 0.21743653305593094 -0.13251145392974945 0.26099466589938286 0.117947809920099 0 1 0 0 0
-0.3490225849307272 1.0 -0.37931296261150155 0.020611121654963222 -0.20766748908711363 -0.8477130385272343 0.4082368570886311 -0.2822926551527801 0.24668817612450136 0.15186942493831868 0 1 0 0 0
-0.36520316770062444 1.0 -0.4072529971474737 -0.00919590672438212 -0.07085436157267967 -0.7766052941293811 0.3706688476192375 -0.08278310825636832 0.23400690191697743 0.07490375216931638 0 1 0 0 0
-0.4748860242100296 1.0 -0.45338783210187056 -0.1071568935701934 -0.034173085992768186 -0.8488445213016822 0.33129617984593646 -0.09640779751611385 0.4387871403867319 0.17231960383587483 0 1 0 0 0
-0.44353551148053627 1.0 -0.44353551148053627 -0.11595753435931208 0.08975392971771905 -0.7776314706608511 0.21813842482100274 -0.046827421611390085 0.40577730227964814 0.1408114558472553 0 1 0 0 0
-0.417098893499309 1.0 -0.4515905947441223 -0.18421507607192272 0.008298755186721482 -0.8625518672199173 0.26123789764868555 -0.04624827109266959 0.5026798063623785 0.1607019363762101 0 1 0 0 0
-0.4520135420758286 1.0 -0.4737107906402564 -0.11740830106802856 -0.050614443633915464 -0.9202064979518549 0.3724819033724254 -0.1391055496324563 0.4592708976301364 0.1863531788339598 0 1 0 0 0
-0.44022900613689414 1.0 -0.45052251828323847 -0.10140579965884375 -0.06966256886849811 -0.8940062349273574 0.4553065505950629 -0.10140579965884375 0.3832519655706526 0.19710605258514194 0 1 0 0 0
-0.33073249063284876 1.0 -0.3722361757318729 -0.016840284926091853 -0.07133445876394777 -0.7846584592580388 0.25031910075348945 -0.09984765512414016 0.3333264709515378 0.1595503767447608 0 1 0 0 0
-0.4359287335646069 1.0 -0.4462717889417108 -0.0549916484646025 -0.11529401687438452 -0.8824360786329182 0.3811726412266049 -0.1687652576127459 0.360486530472397 0.18289862520878827 0 1 0 0 0
-0.41496586051847584 1.0 -0.39590696297392797 -0.02918046740558419 -0.06237625594434049 -0.8201247155043202 0.36644893880798624 -0.11494550635604954 0.2520955535406991 0.1423496104953465 0 1 0 0 0
-0.4149191786806471 1.0 -0.4149191786806471 -0.11854521625163847 -0.027304499781564438 -0.9269986893840109 0.43783311489733473 -0.12961992136304082 0.33816076889471347 0.12509829619921348 0 1 0 0 0
-0.37982911442945 1.0 -0.40517447895871617 -0.013814581170645851 -0.05033937554899012 -0.782623971891719 0.3974287311347118 -0.07295376507226686 0.3467380020761795 0.16360297053421718 0 1 0 0 0
-0.40726183063511856 1.0 -0.4360406288916565 -0.08400140099626388 -0.06191625155666279 -0.8706218866749686 0.4177303860523035 -0.07440846824408456 0.4465091843088415 0.15582191780821927 0 1 0 0 0
-0.3078544619445062 1.0 -0.3729969665289893 0.0414745753997497 -0.1310390923580523 -0.8053779841985297 0.3249584397333289 -0.1539529383536994 0.3249584397333289 0.050780647483247274 0 1 0 0 0
-0.41939809549674967 1.0 -0.42895456011406674 -0.012985249435608328 -0.12314769235992085 -0.7870588834382901 0.3737884677405663 -0.22322747101658363 0.28778028618471274 0.17814404291073288 0 1 0 0 0
-0.5868160149738247 -0.6453367648349079 -0.030123124616149195 -0.002047202643816074 0.06884450033632647 0.9257742812856432 -0.15383265580674377 0.33196853157078926 0.09358640657444538 -0.5958529523586701 0 0 1 0 0
-0.4999590130338555 -0.6568981064021643 0.005000409869661257 0.06898106402164104 -0.05811951799327833 0.9842200180342651 -0.21591933765062732 0.2110009017132551 0.08390031969833575 -0.688458070333634 0 0 1 0 0
-0.4319763395963816 -0.7766179540709812 0.03218510786360449 0.039665970772442605 0.14422407794015285 0.9519832985386222 -0.2399095337508701 0.34377174669450244 0.03218510786360449 -0.6325678496868475 0 0 1 0 0
-0.5393507404808512 -0.6392879565683051 -0.029656165749529416 0.10459061195848886 0.1632012409055653 0.9448978838128301 -0.15363592717066174 0.38010119289433847 0.025445950437640502 -0.5704103113343426 0 0 1 0 0
-0.43867414868774207 -0.6847094907810816 0.02223693841274252 0.04639085427485951 0.26063922484402763 0.952319542713743 -0.13669791920811422 0.33247359799240167 -0.04133700463560018 -0.6529225192569101 0 0 1 0 0
-0.3094991874723001 -0.7052740434332986 0.020091594031614743 0.08287782538041084 0.0487516619884769 0.9713399320431378 -0.13753877973112713 0.3408184369921703 0.020091594031614743 -0.5763037376274188 0 0 1 0 0
-0.370045179439093 -0.7788764811184039 -0.017475066064274177 -0.025658511635836472 0.07868041940158549 0.8557667718012105 -0.20978603699599352 0.423067087204842 0.06265450515727555 -0.4263063677435851 0 0 1 0 0
-0.3674561403508772 -0.85 0.1325438596491228 -0.11666666666666667 0.2325438596491228 0.85 -0.3341228070175439 0.5333333333333333 -0.10078947368421053 -0.43333333333333335 0 0 1 0 0
-0.30621671105193066 -0.7976031957390145 0.023343874833555316 -0.03362183754993335 0.21808422103861522 0.835219707057257 -0.2762566577896138 0.5206391478029294 0.00836384820239686 -0.33322237017310247 0 0 1 0 0
-0.37608346079930977 -0.8090363572184965 -0.02310075695179827 -0.029532886221908607 0.2269286582735224 0.7940934227556182 -0.24371494685649298 0.6028944581715495 0.03572969368945365 -0.2648546887869163 0 0 1 0 0
-0.41742120842765107 -0.8132509141563642 -0.033257879157234924 -0.07565732195716517 0.22797318474664804 0.784868535608567 -0.20228974403621802 0.6004701375587672 -0.07935747866968486 -0.3061553195194148 0 0 1 0 0
-0.4395526046076378 -0.7594135733701705 -0.012031549396194503 0.046299184528318806 0.20172897820952715 0.9506706474756027 -0.2093489594937837 0.4080477697072324 -0.012031549396194503 -0.5292099282563164 0 0 1 0 0
-0.4280604641260378 -0.8749840323610815 -0.062209921226314635 -0.06706408345752601 0.21217798594847775 0.847562273791782 -0.22989142005535443 0.466467958271237 -0.031722375984671036 -0.4938897168405364 0 0 1 0 0
-0.37154685735792253 -0.792435077154686 0.023635679337598803 -0.05852465186300352 0.10831765148663909 0.8447497177267594 -0.15984192698532182 0.3648852088821979 0.051863003387278894 -0.46782085058336487 0 0 1 0 0
-0.1818279608447776 -0.8715264082613217 0.014485998063752658 -0.007744989063788593 0.14536197066943948 0.8691240273943132 -0.31270393345046443 0.50267130409839 -0.011689196457384709 -0.36111011509914304 0 0 1 0 0
-0.4156911874094664 -0.6532513800258388 0.03519555259758055 0.09822651998590609 -0.005794151039423718 1.0 -0.3200485455897898 0.2621853345339232 0.06252202168891673 -0.5985984418431665 0 0 1 0 0
-0.345339341984888 -0.8191983193846782 0.046487988344119574 -0.11950665808287891 0.08846948802222754 0.7900925016094602 -0.16341951004642022 0.45424050418459655 -0.023481177786060358 -0.4273709890556706 0 0 1 0 0
-0.3614120360835359 -0.815875108127034 0.04407463854677267 -0.057791325122544084 0.2908926144086996 0.8765910120690366 -0.16748362647773615 0.5063640482761461 -0.11459406022160894 -0.5161675660089798 0 0 1 0 0
-0.2868814729574224 -0.8787878787878788 0.016148830072880656 -0.10606060606060606 0.21311852704257764 0.7121212121212122 -0.150517836593786 0.6515151515151515 -0.0596087456846951 -0.24242424242424243 0 0 1 0 0
-0.3755803535065569 -0.8001954874969452 -0.0019548749694550662 -0.06992750671988254 0.16787488800195485 0.847153213325731 -0.22273356683228798 0.4905107110857702 -0.03592082756373705 -0.4095870326627024 0 0 1 0 0
0.5955561805653213 -0.8014343974124593 -0.3789902967233861 -0.8309661088454504 0.10828294192096764 -0.196034313036141 0.30023906623541 0.7194487413865842 -0.3346927295738994 0.7489804528195754 0 0 0 1 0
0.46445475638051076 -0.9110904872389792 -0.38083526682134544 -0.8927146171693736 0.15206496519721605 -0.15767981438515086 0.409327146171694 0.742737819025522 -0.21545243619489532 0.7794895591647332 0 0 0 1 0
0.5315570672713532 -0.5374149659863946 -0.36640211640211623 -0.5918367346938775 -0.06708238851095977 -0.22448979591836735 0.3274754346182919 0.5238095238095238 -0.12150415721844277 0.8367346938775511 0 0 0 1 0
0.5835104416928484 -0.6188551099611906 -0.3579513953058583 -0.6647800776196642 0.0783357974496399 -0.09071798188874548 0.31944187765662574 0.724450194049159 -0.2661014599889113 0.6900064683053039 0 0 0 1 0
0.5732716801189023 -0.5461057325103729 -0.29508907375678656 -0.5566954978015397 0.022603884978221564 -0.06956629440786065 0.2661684866750611 0.6928968065561588 -0.18919142084511717 0.7140763371384927 0 0 0 1 0
0.6381241751833768 -0.7899518153638393 -0.3530061688610632 -0.8195377957830763 0.031611576589018 -0.2574041678175731 0.2978854003621511 0.6449682349691559 -0.2198692569744966 0.7633121566461039 0 0 0 1 0
0.5570640781708539 -0.8151504401947813 -0.458189557870295 -0.8151504401947813 0.172498306943146 -0.13831468283401543 0.2801767228869042 0.7692605372633753 -0.24283272598277855 0.6308168596214004 0 0 0 1 0
0.6031331592689287 -0.9181275643416632 -0.4272659455427086 -0.8864229765013052 0.12756434166355768 -0.14136516225289053 0.33364416262588514 0.7622155911973145 -0.28459530026109725 0.6671018276762403 0 0 0 1 0
0.5651507261470806 -0.7000520742926571 -0.45776196262223 -0.714459295261239 0.060897992246716263 -0.08054157264363801 0.39226407452409856 0.7694844645026906 -0.2128392061563387 0.7118555806283632 0 0 0 1 0
0.6397038661913906 -0.9435543891260912 -0.4809040698813107 -0.9085353911238194 0.1494378941595838 -0.12060793607270129 0.4470993771788951 0.8774335069920483 -0.32331857887108706 0.6673195189784168 0 0 0 1 0
0.5790050296299982 -0.9491061202131361 -0.32373885762661214 -0.8875554006274581 0.2712514317016083 -0.066879139485085 0.35331905781584566 0.9179323738857627 -0.34425576415517145 0.5075942433145761 0 0 0 1 0
0.4870008319467555 -0.8253605102606767 -0.4014489739323349 -0.7930532445923462 0.16392817526344988 -0.08229339988907379 0.3900790349417638 0.8707709373266778 -0.2722199112590127 0.596159179145868 0 0 0 1 0
0.5855601233299069 -0.808398179415652 -0.40665834679195517 -0.792394655704009 0.20147555425047645 -0.008221993833505062 0.2334826016737623 0.8719718103068566 -0.3586477756570264 0.5839083834972836 0 0 0 1 0
0.6355689309257664 -0.9436084838062485 -0.3906563485239328 -0.9591573516766985 0.10690742333046681 -0.19726282602464906 0.30904270564631664 0.7356692462023502 -0.2507165376898829 0.6734737747205503 0 0 0 1 0
0.5606362773029442 -0.9905508072174736 -0.4443019943019939 -0.971225071225071 0.2127730294396964 -0.19819563152896466 0.4446818613485283 0.8260683760683761 -0.28969610636277265 0.6134852801519469 0 0 0 1 0
0.6393354948691385 -0.8706755356486285 -0.4252765985894305 -0.9315105124176897 -0.014640505398268172 -0.36878697730387455 0.4112043319851595 0.498111441655246 -0.13631045893639035 0.8022863255005515 0 0 0 1 0
0.6970017520081977 -0.9317708505503958 -0.3955571716637475 -0.9159366632508024 0.04780007272486793 -0.20339823476909902 0.3803180060163295 0.7466530032065055 -0.30055204786618706 0.6991504413077253 0 0 0 1 0
0.7162936681222714 -0.9190320232896657 -0.4242631004366809 -0.8828238719068419 0.17317139737991313 -0.21297307132460003 0.3542121542940325 0.8370633187772926 -0.35184679767103316 0.6198144104803492 0 0 0 1 0
0.5443612816415774 -0.8450088302077197 -0.5124884366327475 -0.7733580018501383 0.25775796821125196 -0.11058783954251084 0.41897233201580997 0.9283491716424187 -0.38709948700698016 0.5700950298545119 0 0 0 1 0
0.5561924027871431 -0.8439817936614967 -0.42914138008541236 -0.8721341874578554 0.07760170824904472 -0.16832434254888723 0.27466846482355584 0.7466284558327715 -0.23207462351090127 0.6762474713418746 0 0 0 1 0
0.7318243373960149 -0.9375507835171222 -0.35465273747339937 -0.8832269297736515 -0.01060166376475153 -0.2856645385954736 0.3696653124395435 0.6197330237957049 -0.22789707873863438 0.74648868253047 0 0 0 1 0
0.5336354887778223 -0.4732561388259399 0.014373079191630406 -0.9321391984602491 -0.31167541054853665 -0.280042218979915 -0.08223388073138205 0.13053736069288793 -0.29959954055816007 0.8188619501443517 0 0 0 0 1
0.5211912002410894 -0.6843922084326457 -0.1415851620503546 -0.9158379222487055 -0.3519903564285908 -0.11629818361140791 -0.17314594120709 0.15722856908029917 -0.18366620092600183 0.8515657105284786 0 0 0 0 1
0.5682385046509575 -0.6561518823909153 -0.08618210628246192 -0.8890812523841662 -0.2525602277062126 -0.11265001907332964 -0.08618210628246192 0.14246310044308808 -0.34129522579887966 0.8523430851844244 0 0 0 0 1
0.5369958717053036 -0.7360200929588037 -0.08995640751753757 -0.9450041860330841 -0.2769421750050516 -0.19706111608302798 -0.0239614307572385 0.16591125609861693 -0.2879413377984348 0.8258610237016076 0 0 0 0 1
0.7246644469878265 -0.7035948392466963 -0.042451357819165425 -0.9327333263968367 -0.36125273124544777 -0.13572989283113088 -0.15203932993445 0.17310893767558017 -0.22177713037144925 0.8605243991260014 0 0 0 0 1
0.6109849852948767 -0.6920953511170734 -0.12401320881275457 -0.940405551829111 -0.39218822558175515 -0.10608327743666476 0.21368866415561652 0.04290284299055778 -0.35245859346782915 0.6587121407564109 0 0 0 0 1
0.5590791637303266 -0.8433951922324016 -0.2030642340719859 -0.8642758332680813 -0.05689974682222732 -0.11257275598360869 -0.192623913554146 0.10667397489102917 -0.2448255161433455 0.8166157701041422 0 0 0 0 1
0.4717234060379256 -0.6310218672326641 -0.17398832630491232 -0.9692518222693887 -0.19448711145865322 -0.15954980869662366 0.030999525232496546 0.07618622057139654 -0.327729214957969 0.7013991677604936 0 0 0 0 1
0.5377484246243337 -0.7895055744062045 -0.16389966068831788 -0.8947527872031023 -0.19898206495395046 -0.18141056713523987 -0.10542898691226359 0.0875545322346099 -0.21067619970916132 0.7892026175472615 0 0 0 0 1
0.6469439401441381 -0.7379105462947679 -0.09946635858502502 -0.9272982340320183 -0.3556967596413049 -0.14746657864334034 -0.043764097485833736 0.19788744017164558 -0.1774495241238928 0.955438191120647 0 0 0 0 1
0.6645362771443092 -0.5439029704408453 0.003195584283534901 -0.9885975742610211 -0.3388771878858311 -0.2930496041833102 -0.1678408018011481 0.08323044520299239 -0.21345050475706356 0.8357905439755976 0 0 0 0 1
0.6201204343075022 -0.737648508521076 -0.0559391783497249 -0.9596382320801655 -0.3082002278486903 -0.23312640952314534 -0.035758294389807675 0.09985817581548893 -0.2678384599288558 0.6951942526330471 0 0 0 0 1
0.6314751747625025 -0.7495568700085639 -0.11985421521180592 -0.9398936488020553 -0.2500846428073527 -0.1885642588277469 -0.11985421521180592 0.09193204676266156 -0.2300491924080378 0.7631196351397104 0 0 0 0 1
0.5953014648867281 -0.5875683718590858 -0.06861286334010933 -0.9798813839931262 -0.32009556342603257 -0.1751367437181717 0.1023953727183185 0.1165831883814993 -0.31003625542259566 0.7704382086048998 0 0 0 0 1
0.5725776281331837 -0.6524919981710106 -0.021843953942719256 -0.9542752629172382 -0.2687575341896328 -0.23182441700960235 -0.20474290227376632 0.12482853223593941 -0.17730806002410926 0.8289894833104706 0 0 0 0 1
0.6651446634763141 -0.5846687447864073 0.013829740527725414 -0.9339245730342012 -0.477016288361066 -0.17877683628221436 -0.023927646309873925 0.15160029854677987 -0.307108047591869 0.8029152214953685 0 0 0 0 1
0.5407721490738676 -0.40325820129435386 0.13157777281856742 -1.0 -0.32024101762999324 -0.46293238116491847 -0.0644945324704306 0.21905824592724857 -0.18384289221155983 0.7561258647623301 0 0 0 0 1
0.5763347763347763 -0.6046620046620046 -0.08256188256188278 -0.9623487623487623 -0.33670773670773696 -0.1528471528471527 -0.20492840492840517 0.19542679542679564 -0.20492840492840517 0.8637362637362641 0 0 0 0 1
0.642857142857143 -0.5705725363814895 -0.03794249458683697 -0.9790523188478776 -0.3416838712926127 -0.19351427564328524 0.04584823002165288 0.11022710106249045 -0.20552394380381667 0.7491313762022256 0 0 0 0 1